windowDims (300,300)
sceneAmbient (0.2,0.2,0.2)
camera ((0,0,6),(0,0,0),(0,1,0),1.04703,1,1,150)
dirLight ((1,1,1),(.1,.1,.1),(.6,.6,.6),(.6,.6,.6))
//pointLight ((5,5,4),(.5,.5,.5),(.7,.7,.7))
material ((0.329412, 0.223529, 0.027451),(0.780392, 0.568627, 0.113725),
(0.992157,0.941176,0.807843),27.8974)
orient ((0,0,1),(1,1,0))
   spin ((0,0,1),1)
      teapot 1
   pop
pop
material ((0.19125, 0.07355, 0.0225),(0.7038, 0.27048, 0.0828),
(0.0256777, 0.137622, 0.086014),12.8)
orient ((0,0,1),(-1,1,0))
   orbit (0, 2, 2)
      spin ((0,1,0),1)
	 sphere	(.4, 15,15)
      pop
      orient ((0,0,1),(0,1,0))
	 orbit (180, 3, 1)
	    sphere	(.2, 10,10)
	 pop
      pop
   pop
pop
