//A sample scene file
windowDims (300,300)
sceneAmbient (0.2,0.2,0.2)
camera ((0,0,12),(0,0,0),(0,1,0),1.04703,1,1,150)
dirLight ((1,1,1),(.1,.1,.1),(.6,.6,.6),(.6,.6,.6))
// pointLight ((5,5,4),(.5,.5,.5),(.7,.7,.7))
// Copper
material ((0.19125, 0.07355, 0.0225),(0.7038, 0.27048, 0.0828),
(0.0256777, 0.137622, 0.086014),12.8)
orient ((0,0,1),(1,1,1))
   spin ((0,1,0),4)
      sphere (.5, 10,10)
   pop
pop
orient ((0,0,1),(1,1,0))
   orbit (0, 3, 1)
      sphere (.2, 10,10)
   pop
pop
// Brass
material ((0.329412, 0.223529, 0.027451),(0.780392, 0.568627, 0.113725),
(0.992157,0.941176,0.807843),27.8974)
//orient ((0,1,0),(-1,1,-1))
//   spin ((0,1,0),1) 
P(t) 1 t t^5 0.05 0
//orient(t) (0,0,-1) 0 1 t^4 0.05 0
      spin ((0,0,1),3)
	 torus (0.5,3,30,30)
      pop
      material ((0.25, 0.25, 0.25),(0.4, 0.4, 0.4),
      (0.774597, 0.774597, 0.774597),76.8)
      rotate (45,(0,0,1))	
	 translate (3,0,0)
	    orient ((0,0,1),(0,1,0))
	       orbit (0, 2, 1.5)
		  teapot 0.6
	       pop
	    pop
	 pop
      pop
      rotate (-45,(0,0,1))	
	 translate (3,0,0)
	    orient ((0,0,1),(0,1,0))
	       orbit (0, 2, 1.5)
		  teapot 0.6
	       pop
	    pop
	 pop
      pop
pop
//   pop
//pop

      





